melo-1-table 20 5 7 19 8 24 24 18 24 24 21 24 15 24 24 17 24 16 1 4
0 16 0 0 0 0 0 0 0 0 0 0 0 0 0 0 0 0 0 0 0 0 0 0 0 0 0 0 0 0 0 0 0
0 0 0 0 0 0 0 0 0 0 0 0 0 0 0 0 0 0 0 0 0 0 0 0 0 0 0 0 0 0 0 0 0 0
0 0 0 0 0 0 0 0 0 0 0 0 0 0 0 0 0 0 0 0 0 0 0 0 0 0 0 0 0 0 0 0 0 0
0 0 0 0 0 0 0 0 0 0 0 0 0 0 0 0 0 0 0 0 0 0 0 0 0 0 0 0 0 0 0 0 0 0
0 0 0 0 0 0 0 0 0 0 0 0 0 0 0 0 0 0 0 0 0 0 0 0 0 0 0 0 0 0 0 0 0 0
0 0 0 0 0 0 0 0 0 0 0 0 0 0 0 0 0 0 0 0 0 0 0 0 0 0 0 0 0 0 0 0 0 0
0 0 0 0 0 0 0 0 0 0 0 0 0 0 0 0 0 0 0 0 0 0 0 0 0 0 0 0 0 0 0 0 0 0
0 0 0 0 0 0 0 0 0 0 0 0 0 0 0 0 0 0 0 0 0 0 0 0 0 0 0 0 0 0 0 0 0 0
0 0 0 0 0 0 0 0 0 0 0 0 0 0 0 0 0 0 0 0 0 0 0 0 0 0 0 0 0 0 0 0 0 0
0 0 0 0 0 0 0 0 0 0 0 0 0 0 0 0 0;
A-patternMAX 0 0;
A synth1-pwmF 0.131313 16 0.131313 0 0 0 0 0 0 0 0 0 0 0 0 0 0 0;
A synth1-pwmA 0.727273 16 0.727273 0 0 0 0 0 0 0 0 0 0 0 0 0 0 0;
A synth1-pwmO 0.424242 16 0.424242 0 0 0 0 0 0 0 0 0 0 0 0 0 0 0;
A synth1-fE 0.353535 16 0.353535 0 0 0 0 0 0 0 0 0 0 0 0 0 0 0;
A synth1-autotune 1 16 1 0 0 0 0 0 0 0 0 0 0 0 0 0 0 0;
A synth1-volume 0.878788 16 0.656566 0 0 0 0 0 0 0 0 0 0 0 0 0 0 0
;
A synth1-wf 1 16 1 0 0 0 0 0 0 0 0 0 0 0 0 0 0 0;
A synth1-vW 0.343434 16 0.343434 0 0 0 0 0 0 0 0 0 0 0 0 0 0 0;
A synth1-vF 0.545455 16 0.545455 0 0 0 0 0 0 0 0 0 0 0 0 0 0 0;
A synth1-vA 0.292929 16 0.292929 0 0 0 0 0 0 0 0 0 0 0 0 0 0 0;
A synth1-portamento 0.171717 16 0.171717 0 0 0 0 0 0 0 0 0 0 0 0 0
0 0;
A synth1-fFollow 0.828283 16 0.828283 0 0 0 0 0 0 0 0 0 0 0 0 0 0 0
;
A synth1-fSat 0.525253 16 0.525253 0 0 0 0 0 0 0 0 0 0 0 0 0 0 0;
A synth1-fQ 0.323232 16 0.737374 0 0 0 0 0 0 0 0 0 0 0 0 0 0 0;
A synth1-fF 0.212121 16 0.212121 0 0 0 0 0 0 0 0 0 0 0 0 0 0 0;
A synth1-transpose 0.515152 16 0.515152 0 0 0 0 0 0 0 0 0 0 0 0 0 0
0;
A synth1-fR 0.262626 16 0.262626 0 0 0 0 0 0 0 0 0 0 0 0 0 0 0;
A synth1-fS 0.444444 16 0.444444 0 0 0 0 0 0 0 0 0 0 0 0 0 0 0;
A synth1-fD 0.79798 16 0.79798 0 0 0 0 0 0 0 0 0 0 0 0 0 0 0;
A synth1-fA 0 16 0 0 0 0 0 0 0 0 0 0 0 0 0 0 0 0;
A synth1-R 0.313131 16 0.313131 0 0 0 0 0 0 0 0 0 0 0 0 0 0 0;
A synth1-S 0.525253 16 0.525253 0 0 0 0 0 0 0 0 0 0 0 0 0 0 0;
A synth1-D 0.353535 16 0.353535 0 0 0 0 0 0 0 0 0 0 0 0 0 0 0;
A synth1-A 0 16 0 0 0 0 0 0 0 0 0 0 0 0 0 0 0 0;
